0
0
0
0
0
0
0
0
0
0
0
0
0
0
0
0
0
0
0
0
0
0
0
0
0
0
0
0
0
0
0
0
0
0
0
0
0
0
0
0
0
0
0
0
0
0
0
0
0
0
0
0
0
0
0
0
0
1
0
0
0
1
0
0
0
1
5
5
0
12
0
9
18
25
21
23
79
34
57
137
193
283
224
418
345
310
232
482
502
487
352
323
1138
1119
1074
1146
1222
852
926
1661
2210
1930
1781
1089
1442
1261
1832
3058
2105
3257
2917
2055
1927
2498
2678
3735
3503
5514
3379
4613
5385
6276
7218
6209
4970
4588
6633
6935
10503
9888
10222
10611
6760
5632
9258
11385
13944
15305
14919
7938
